Writing down the Bubble Sort  10  9

Writing down the Bubble Sort  10  9
  11  9

Writing down the Bubble Sort  10  9
  11  9
  11  10

Writing down the Bubble Sort  10  9
  11  9
  11  10
  12  9

Writing down the Bubble Sort  10  9
  11  9
  11  10
  12  9
  12  10

Writing down the Bubble Sort  10  9
  11  9
  11  10
  12  9
  12  10
  12  11

Writing down the Bubble Sort  10  9
  11  9
  11  10
  12  9
  12  10
  12  11
  13  9

Writing down the Bubble Sort  10  9
  11  9
  11  10
  12  9
  12  10
  12  11
  13  9
  13  10

Writing down the Bubble Sort  10  9
  11  9
  11  10
  12  9
  12  10
  12  11
  13  9
  13  10
  13  11

Writing down the Bubble Sort  10  9
  11  9
  11  10
  12  9
  12  10
  12  11
  13  9
  13  10
  13  11
  13  12

Writing down the Bubble Sort  10  9
  11  9
  11  10
  12  9
  12  10
  12  11
  13  9
  13  10
  13  11
  13  12
  14  9

Writing down the Bubble Sort  10  9
  11  9
  11  10
  12  9
  12  10
  12  11
  13  9
  13  10
  13  11
  13  12
  14  9
  14  10

Writing down the Bubble Sort  10  9
  11  9
  11  10
  12  9
  12  10
  12  11
  13  9
  13  10
  13  11
  13  12
  14  9
  14  10
  14  11

Writing down the Bubble Sort  10  9
  11  9
  11  10
  12  9
  12  10
  12  11
  13  9
  13  10
  13  11
  13  12
  14  9
  14  10
  14  11
  14  12

Writing down the Bubble Sort  10  9
  11  9
  11  10
  12  9
  12  10
  12  11
  13  9
  13  10
  13  11
  13  12
  14  9
  14  10
  14  11
  14  12
  14  13

Writing down the Bubble Sort  10  9
  11  9
  11  10
  12  9
  12  10
  12  11
  13  9
  13  10
  13  11
  13  12
  14  9
  14  10
  14  11
  14  12
  14  13
  15  9

Writing down the Bubble Sort  10  9
  11  9
  11  10
  12  9
  12  10
  12  11
  13  9
  13  10
  13  11
  13  12
  14  9
  14  10
  14  11
  14  12
  14  13
  15  9
  16  15

Writing down the Bubble Sort  10  9
  11  9
  11  10
  12  9
  12  10
  12  11
  13  9
  13  10
  13  11
  13  12
  14  9
  14  10
  14  11
  14  12
  14  13
  15  9
  16  15
  16  9

Writing down the Bubble Sort  10  9
  11  9
  11  10
  12  9
  12  10
  12  11
  13  9
  13  10
  13  11
  13  12
  14  9
  14  10
  14  11
  14  12
  14  13
  15  9
  16  15
  16  9
  16  10

Writing down the Bubble Sort  10  9
  11  9
  11  10
  12  9
  12  10
  12  11
  13  9
  13  10
  13  11
  13  12
  14  9
  14  10
  14  11
  14  12
  14  13
  15  9
  16  15
  16  9
  16  10
  16  11

Writing down the Bubble Sort  10  9
  11  9
  11  10
  12  9
  12  10
  12  11
  13  9
  13  10
  13  11
  13  12
  14  9
  14  10
  14  11
  14  12
  14  13
  15  9
  16  15
  16  9
  16  10
  16  11
  16  12

Writing down the Bubble Sort  10  9
  11  9
  11  10
  12  9
  12  10
  12  11
  13  9
  13  10
  13  11
  13  12
  14  9
  14  10
  14  11
  14  12
  14  13
  15  9
  16  15
  16  9
  16  10
  16  11
  16  12
  16  13

Writing down the Bubble Sort  10  9
  11  9
  11  10
  12  9
  12  10
  12  11
  13  9
  13  10
  13  11
  13  12
  14  9
  14  10
  14  11
  14  12
  14  13
  15  9
  16  15
  16  9
  16  10
  16  11
  16  12
  16  13
  16  14

Writing down the Bubble Sort  10  9
  11  9
  11  10
  12  9
  12  10
  12  11
  13  9
  13  10
  13  11
  13  12
  14  9
  14  10
  14  11
  14  12
  14  13
  15  9
  16  15
  16  9
  16  10
  16  11
  16  12
  16  13
  16  14
  17  15

Writing down the Bubble Sort  10  9
  11  9
  11  10
  12  9
  12  10
  12  11
  13  9
  13  10
  13  11
  13  12
  14  9
  14  10
  14  11
  14  12
  14  13
  15  9
  16  15
  16  9
  16  10
  16  11
  16  12
  16  13
  16  14
  17  15
  17  9

Writing down the Bubble Sort  10  9
  11  9
  11  10
  12  9
  12  10
  12  11
  13  9
  13  10
  13  11
  13  12
  14  9
  14  10
  14  11
  14  12
  14  13
  15  9
  16  15
  16  9
  16  10
  16  11
  16  12
  16  13
  16  14
  17  15
  17  9
  17  10

Writing down the Bubble Sort  10  9
  11  9
  11  10
  12  9
  12  10
  12  11
  13  9
  13  10
  13  11
  13  12
  14  9
  14  10
  14  11
  14  12
  14  13
  15  9
  16  15
  16  9
  16  10
  16  11
  16  12
  16  13
  16  14
  17  15
  17  9
  17  10
  17  11

Writing down the Bubble Sort  10  9
  11  9
  11  10
  12  9
  12  10
  12  11
  13  9
  13  10
  13  11
  13  12
  14  9
  14  10
  14  11
  14  12
  14  13
  15  9
  16  15
  16  9
  16  10
  16  11
  16  12
  16  13
  16  14
  17  15
  17  9
  17  10
  17  11
  17  12

Writing down the Bubble Sort  10  9
  11  9
  11  10
  12  9
  12  10
  12  11
  13  9
  13  10
  13  11
  13  12
  14  9
  14  10
  14  11
  14  12
  14  13
  15  9
  16  15
  16  9
  16  10
  16  11
  16  12
  16  13
  16  14
  17  15
  17  9
  17  10
  17  11
  17  12
  17  13

Writing down the Bubble Sort  10  9
  11  9
  11  10
  12  9
  12  10
  12  11
  13  9
  13  10
  13  11
  13  12
  14  9
  14  10
  14  11
  14  12
  14  13
  15  9
  16  15
  16  9
  16  10
  16  11
  16  12
  16  13
  16  14
  17  15
  17  9
  17  10
  17  11
  17  12
  17  13
  17  16

Writing down the Bubble Sort  10  9
  11  9
  11  10
  12  9
  12  10
  12  11
  13  9
  13  10
  13  11
  13  12
  14  9
  14  10
  14  11
  14  12
  14  13
  15  9
  16  15
  16  9
  16  10
  16  11
  16  12
  16  13
  16  14
  17  15
  17  9
  17  10
  17  11
  17  12
  17  13
  17  16
  17  14

Writing down the Bubble Sort  10  9
  11  9
  11  10
  12  9
  12  10
  12  11
  13  9
  13  10
  13  11
  13  12
  14  9
  14  10
  14  11
  14  12
  14  13
  15  9
  16  15
  16  9
  16  10
  16  11
  16  12
  16  13
  16  14
  17  15
  17  9
  17  10
  17  11
  17  12
  17  13
  17  16
  17  14
  18  15

Writing down the Bubble Sort  10  9
  11  9
  11  10
  12  9
  12  10
  12  11
  13  9
  13  10
  13  11
  13  12
  14  9
  14  10
  14  11
  14  12
  14  13
  15  9
  16  15
  16  9
  16  10
  16  11
  16  12
  16  13
  16  14
  17  15
  17  9
  17  10
  17  11
  17  12
  17  13
  17  16
  17  14
  18  15
  18  9

Writing down the Bubble Sort  10  9
  11  9
  11  10
  12  9
  12  10
  12  11
  13  9
  13  10
  13  11
  13  12
  14  9
  14  10
  14  11
  14  12
  14  13
  15  9
  16  15
  16  9
  16  10
  16  11
  16  12
  16  13
  16  14
  17  15
  17  9
  17  10
  17  11
  17  12
  17  13
  17  16
  17  14
  18  15
  18  9
  18  10

Writing down the Bubble Sort  10  9
  11  9
  11  10
  12  9
  12  10
  12  11
  13  9
  13  10
  13  11
  13  12
  14  9
  14  10
  14  11
  14  12
  14  13
  15  9
  16  15
  16  9
  16  10
  16  11
  16  12
  16  13
  16  14
  17  15
  17  9
  17  10
  17  11
  17  12
  17  13
  17  16
  17  14
  18  15
  18  9
  18  10
  18  11

Writing down the Bubble Sort  10  9
  11  9
  11  10
  12  9
  12  10
  12  11
  13  9
  13  10
  13  11
  13  12
  14  9
  14  10
  14  11
  14  12
  14  13
  15  9
  16  15
  16  9
  16  10
  16  11
  16  12
  16  13
  16  14
  17  15
  17  9
  17  10
  17  11
  17  12
  17  13
  17  16
  17  14
  18  15
  18  9
  18  10
  18  11
  18  12

Writing down the Bubble Sort  10  9
  11  9
  11  10
  12  9
  12  10
  12  11
  13  9
  13  10
  13  11
  13  12
  14  9
  14  10
  14  11
  14  12
  14  13
  15  9
  16  15
  16  9
  16  10
  16  11
  16  12
  16  13
  16  14
  17  15
  17  9
  17  10
  17  11
  17  12
  17  13
  17  16
  17  14
  18  15
  18  9
  18  10
  18  11
  18  12
  18  13

Writing down the Bubble Sort  10  9
  11  9
  11  10
  12  9
  12  10
  12  11
  13  9
  13  10
  13  11
  13  12
  14  9
  14  10
  14  11
  14  12
  14  13
  15  9
  16  15
  16  9
  16  10
  16  11
  16  12
  16  13
  16  14
  17  15
  17  9
  17  10
  17  11
  17  12
  17  13
  17  16
  17  14
  18  15
  18  9
  18  10
  18  11
  18  12
  18  13
  18  16

Writing down the Bubble Sort  10  9
  11  9
  11  10
  12  9
  12  10
  12  11
  13  9
  13  10
  13  11
  13  12
  14  9
  14  10
  14  11
  14  12
  14  13
  15  9
  16  15
  16  9
  16  10
  16  11
  16  12
  16  13
  16  14
  17  15
  17  9
  17  10
  17  11
  17  12
  17  13
  17  16
  17  14
  18  15
  18  9
  18  10
  18  11
  18  12
  18  13
  18  16
  19  15

Writing down the Bubble Sort  10  9
  11  9
  11  10
  12  9
  12  10
  12  11
  13  9
  13  10
  13  11
  13  12
  14  9
  14  10
  14  11
  14  12
  14  13
  15  9
  16  15
  16  9
  16  10
  16  11
  16  12
  16  13
  16  14
  17  15
  17  9
  17  10
  17  11
  17  12
  17  13
  17  16
  17  14
  18  15
  18  9
  18  10
  18  11
  18  12
  18  13
  18  16
  19  15
  19  9

Writing down the Bubble Sort  10  9
  11  9
  11  10
  12  9
  12  10
  12  11
  13  9
  13  10
  13  11
  13  12
  14  9
  14  10
  14  11
  14  12
  14  13
  15  9
  16  15
  16  9
  16  10
  16  11
  16  12
  16  13
  16  14
  17  15
  17  9
  17  10
  17  11
  17  12
  17  13
  17  16
  17  14
  18  15
  18  9
  18  10
  18  11
  18  12
  18  13
  18  16
  19  15
  19  9
  19  10

Writing down the Bubble Sort  10  9
  11  9
  11  10
  12  9
  12  10
  12  11
  13  9
  13  10
  13  11
  13  12
  14  9
  14  10
  14  11
  14  12
  14  13
  15  9
  16  15
  16  9
  16  10
  16  11
  16  12
  16  13
  16  14
  17  15
  17  9
  17  10
  17  11
  17  12
  17  13
  17  16
  17  14
  18  15
  18  9
  18  10
  18  11
  18  12
  18  13
  18  16
  19  15
  19  9
  19  10
  19  11

Writing down the Bubble Sort  10  9
  11  9
  11  10
  12  9
  12  10
  12  11
  13  9
  13  10
  13  11
  13  12
  14  9
  14  10
  14  11
  14  12
  14  13
  15  9
  16  15
  16  9
  16  10
  16  11
  16  12
  16  13
  16  14
  17  15
  17  9
  17  10
  17  11
  17  12
  17  13
  17  16
  17  14
  18  15
  18  9
  18  10
  18  11
  18  12
  18  13
  18  16
  19  15
  19  9
  19  10
  19  11
  19  12

